0.913741
0.997936
1.424354
1.808957
2.225556
2.609456
2.985079
3.368821
3.776213
4.188095
4.599002
4.986009
5.417029
5.826372
6.212018
6.621406
7.016939
7.426213
7.474807
7.818889
8.262449
8.629637
9.032539
9.438663
9.854240
10.235600
10.637120
11.038118
11.439183
11.848368
12.240862
13.683424
14.164286
14.419184
14.654195
15.081270
15.559978
16.042721
16.512699
17.218481
17.504898
17.915918
18.376259
18.731951
19.167347
19.218662
19.445669
19.668276
19.870953
20.152086
20.299320
20.537302
21.025488
21.266870
21.712767
21.951315
22.432903
22.862766
23.332064
23.569977
23.835783
24.333742
24.751837
25.189070
25.605103
25.881384
26.253357
26.766327
27.278934
27.837120
28.289955
28.564423
29.067030
29.521996
30.013945
30.471859
30.751043
31.205011
31.644716
32.203560
32.782585
33.527550
33.958797
34.193039
34.483494
34.894375
35.310928
36.213989
36.689503
37.021065
37.478638
37.747688
38.293358
38.799297
39.228142
39.299366
